cam0:
  cam_overlaps: [1]
  camera_model: omni
  distortion_coeffs: [-0.6100184532363526, -0.04692586172875833, 0.0007275126331051238, 0.02539410866819201]
  distortion_model: radtan
  intrinsics: [1.04735197957676, 2302.5413397841176, 2322.6047016311763, 616.404593580201, 518.5862973325384]
  resolution: [1224, 1028]
  rostopic: /camera_0/image_raw
cam1:
  T_cn_cnm1:
  - [0.8161971786118041, -0.005815233567689818, -0.5777441896589544, -0.06462395924135486]
  - [-0.003175029298556349, 0.9998891057041441, -0.014549758868041116, -0.00808276096779052]
  - [0.5777647313700291, 0.013709826866815126, 0.8160882034634479, -0.04033375152755008]
  - [0.0, 0.0, 0.0, 1.0]
  cam_overlaps: [0, 2]
  camera_model: omni
  distortion_coeffs: [-0.4127393919882338, -0.7476128584053768, 0.0011830784450616869, -0.004235029858801227]
  distortion_model: radtan
  intrinsics: [1.7614244886165602, 3095.1591591026686, 3092.024168653712, 615.0745212904957, 515.9966733631479]
  resolution: [1224, 1028]
  rostopic: /camera_1/image_raw
cam2:
  T_cn_cnm1:
  - [0.8034234231028018, 0.008339310680740383, -0.5953496948072955, -0.07111641929048881]
  - [-0.006275916914769711, 0.9999649733925378, 0.00553758565925313, -0.004042287415394028]
  - [0.5953750213744683, -0.0007126608062380463, 0.8034476187268962, -0.00030003110876390183]
  - [0.0, 0.0, 0.0, 1.0]
  cam_overlaps: [1, 3]
  camera_model: omni
  distortion_coeffs: [-0.263336521929637, -3.5098309746320546, -0.0013346440576384165, -0.0021849807323801626]
  distortion_model: radtan
  intrinsics: [2.183881064288619, 3628.758417184826, 3623.4620747438157, 617.0089335764862, 515.9474123328991]
  resolution: [1224, 1028]
  rostopic: /camera_2/image_raw
cam3:
  T_cn_cnm1:
  - [0.8103322983033938, 0.012931218153211263, -0.5858279183543688, -0.06066704838050223]
  - [-0.014447114991129042, 0.9998934560701943, 0.0020874329773018993, 0.0003219833707335082]
  - [0.5857924949969674, 0.006772008939427979, 0.8104327811115193, -0.02179273264391457]
  - [0.0, 0.0, 0.0, 1.0]
  cam_overlaps: [2, 4]
  camera_model: omni
  distortion_coeffs: [-0.29527106035630724, -2.425512767628785, 0.00047807288892783484, -0.0021290276944784824]
  distortion_model: radtan
  intrinsics: [2.212150997549897, 3664.06449995036, 3658.484762859701, 614.2210829248514, 516.4243481149375]
  resolution: [1224, 1028]
  rostopic: /camera_3/image_raw
cam4:
  T_cn_cnm1:
  - [0.8182965370201071, 0.008904674189861028, -0.574727312974142, -0.060142877127514136]
  - [0.0019154792831864087, 0.9998321964065888, 0.0182183964139705, -0.0011859120437129693]
  - [0.5747931005501202, -0.016008928957094923, 0.8181421672017831, -0.014169222860926948]
  - [0.0, 0.0, 0.0, 1.0]
  cam_overlaps: [3, 5]
  camera_model: omni
  distortion_coeffs: [-0.16282826610774387, -5.009972643484207, -0.0010754351714039288, -0.0017799092391753446]
  distortion_model: radtan
  intrinsics: [2.2171284625256087, 3678.6446545309473, 3673.2097322744967, 617.2333361591117, 522.7348221718898]
  resolution: [1224, 1028]
  rostopic: /camera_4/image_raw
cam5:
  T_cn_cnm1:
  - [0.8045197626526963, 0.0017636334866504262, -0.5939232619608117, -0.06107061636068398]
  - [-0.006663003723915316, 0.9999594622010736, -0.006056264187754533, 0.00019734995725895964]
  - [0.5938885045887159, 0.008829697133059136, 0.8044989002888159, -0.032448555077741977]
  - [0.0, 0.0, 0.0, 1.0]
  cam_overlaps: [4]
  camera_model: omni
  distortion_coeffs: [-0.5993725368753123, 2.23689151494433, -0.0012471219191603046, -0.0015619184211229818]
  distortion_model: radtan
  intrinsics: [2.0010106481289034, 3408.5536880887016, 3404.658335024505, 606.7067925383368, 522.1330879650549]
  resolution: [1224, 1028]
  rostopic: /camera_5/image_raw
