cam0:
  cam_overlaps: [1]
  camera_model: omni
  distortion_coeffs: [-0.52514229203172, -0.2725256707704674, 0.0009525116740989692, 0.014493276396897964]
  distortion_model: radtan
  intrinsics: [1.0569168330430092, 2304.383276228266, 2319.881435538917, 623.7373928776233, 517.5397008931798]
  resolution: [1224, 1028]
  rostopic: /camera_0/image_raw
cam1:
  T_cn_cnm1:
  - [0.8209076478100528, -0.007005094467760131, -0.5710180053364937, -0.07198481440461536]
  - [-0.004102529682180556, 0.9998266134715018, -0.018163486568355106, -0.004736133602024277]
  - [0.5710462354461125, 0.01725316335081034, 0.8207365748747992, -0.029568124211293848]
  - [0.0, 0.0, 0.0, 1.0]
  cam_overlaps: [0, 2]
  camera_model: omni
  distortion_coeffs: [-0.390817947229547, -1.2305405791917616, 0.00047838664445172996, -0.0039538953257679645]
  distortion_model: radtan
  intrinsics: [1.7564126462399348, 3094.9550691099184, 3090.5357242129894, 614.8146320063441, 516.2460646078797]
  resolution: [1224, 1028]
  rostopic: /camera_1/image_raw
cam2:
  T_cn_cnm1:
  - [0.8027298838940383, 0.00834282890980331, -0.5962844377553773, -0.068135723406881]
  - [-0.006399804547876258, 0.9999650735768537, 0.005375325868028524, -0.003445057177660151]
  - [0.5963084570968398, -0.000498830853360457, 0.80275523988484, -0.002352451282060007]
  - [0.0, 0.0, 0.0, 1.0]
  cam_overlaps: [1, 3]
  camera_model: omni
  distortion_coeffs: [-0.22811555238639955, -4.155478388169611, -0.002042847015720675, -0.002073825698465578]
  distortion_model: radtan
  intrinsics: [2.1853968728365736, 3628.339384444926, 3622.6284722350933, 616.9286363448995, 515.8507096009553]
  resolution: [1224, 1028]
  rostopic: /camera_2/image_raw
cam3:
  T_cn_cnm1:
  - [0.8110642889278697, 0.012753046165180009, -0.584817987958173, -0.06161019418710777]
  - [-0.014490346689880446, 0.9998935499955172, 0.0017083706205764265, -3.3270073627801615e-05]
  - [0.5847775210101223, 0.007088616993389144, 0.8111627471909597, -0.017781334843073458]
  - [0.0, 0.0, 0.0, 1.0]
  cam_overlaps: [2, 4]
  camera_model: omni
  distortion_coeffs: [-0.2543166281277498, -3.506036638025652, 2.628738842143538e-05, -0.0018207430116533362]
  distortion_model: radtan
  intrinsics: [2.2037162372034986, 3665.4223416818627, 3660.7430066443485, 613.697668596518, 517.0726742446211]
  resolution: [1224, 1028]
  rostopic: /camera_3/image_raw
cam4:
  T_cn_cnm1:
  - [0.8182721078299613, 0.00900341915497215, -0.5747605553541703, -0.05751206255927355]
  - [0.0015220954412687709, 0.9998398903158388, 0.017829104259087, -0.001640907934381835]
  - [0.5748290535219859, -0.015463899143928933, 0.8181273904779661, -0.01956675390155992]
  - [0.0, 0.0, 0.0, 1.0]
  cam_overlaps: [3, 5]
  camera_model: omni
  distortion_coeffs: [-0.15612215662983212, -5.108386998885377, -0.0022009175589374486, -0.001569394419375554]
  distortion_model: radtan
  intrinsics: [2.2215258581104216, 3677.8822578013687, 3672.614215841223, 616.6986918118411, 524.3562485407131]
  resolution: [1224, 1028]
  rostopic: /camera_4/image_raw
cam5:
  T_cn_cnm1:
  - [0.8031479933454934, 0.0022559831096345307, -0.5957753027151367, -0.058799872019970084]
  - [-0.006196699739428865, 0.9999703709286392, -0.004567075341553459, 0.001643872986600298]
  - [0.5957473472013477, 0.007359878059119399, 0.8031381764662343, -0.030808820339001293]
  - [0.0, 0.0, 0.0, 1.0]
  cam_overlaps: [4]
  camera_model: omni
  distortion_coeffs: [-0.5640268392065148, 1.665501690897645, -0.0016574227118607732, -0.0004923747452532106]
  distortion_model: radtan
  intrinsics: [2.003212423485328, 3408.7971823943453, 3403.0387501191967, 605.3400387415603, 520.4669122130815]
  resolution: [1224, 1028]
  rostopic: /camera_5/image_raw
