{
    "cameras": [
        {
            "name": "cam0",
            "extrinsics": {
                "frame_1": "rig",
                "frame_0": "cam0",
                "T": [
                    [1.0, 0.0, 0.0, 0.0],
                    [0.0, 1.0, 0.0, 0.0],
                    [0.0, 0.0, 1.0, 0.0],
                    [0.0, 0.0, 0.0, 1.0] ]
            }
        },
        {
            "name": "cam1",
            "extrinsics": {
                "frame_1": "rig",
                "frame_0": "cam1",
                "T": [
                    [ 0.80901699,  0.0,         -0.58778525, -0.04288424],
                    [ 0.0       ,  1.0,          0.0       ,  0.0       ],
                    [ 0.58778525,  0.0,          0.80901699, -0.01368157],
                    [ 0.0       ,  0.0,          0.0       ,  1.0       ] ]
            }
        },
        {
            "name": "cam2",
            "extrinsics": {
                "frame_1": "rig",
                "frame_0": "cam2",
                "T": [
                    [ 0.30901699, -0.0,         -0.95105652, -0.06996074], 
                    [ 0.0       ,  1.0,          0.0       ,  0.0       ], 
                    [ 0.95105652,  0.0,          0.30901699, -0.05098755], 
                    [ 0.0       ,  0.0,          0.0       ,  1.0       ] ]
            }
        },
        {
            "name": "cam3",
            "extrinsics": {
                "frame_1": "rig",
                "frame_0": "cam3",
                "T": [
                    [-0.30901699, -0.0,         -0.95105652, -0.0700534 ],
                    [ 0.0       ,  1.0,          0.0       ,  0.0       ],
                    [ 0.95105652,  0.0,         -0.30901699, -0.09696121],
                    [ 0.0       ,  0.0,          0.0       ,  1.0       ] ]
            }
        },
        {
            "name": "cam4",
            "extrinsics": {
                "frame_1": "rig",
                "frame_0": "cam4",
                "T": [
                    [-0.80901699, -0.0,         -0.58778525, -0.04296327],
                    [ 0.0       ,  1.0,          0.0       ,  0.0       ],
                    [ 0.58778525, -0.0,         -0.80901699, -0.1333887 ],
                    [ 0.0       ,  0.0,          0.0       ,  1.0       ] ]
            }
        },
        {
            "name": "cam5",
            "extrinsics": {
                "frame_1": "rig",
                "frame_0": "cam5",
                "T": [
                    [-1.0000000e+00, -0.0000000e+00, -1.2246468e-16,  5.1920000e-04],
                    [ 0.0000000e+00,  1.0000000e+00,  0.0000000e+00,  0.0000000e+00],
                    [ 1.2246468e-16, -0.0000000e+00, -1.0000000e+00, -1.4707840e-01],
                    [ 0.0000000e+00,  0.0000000e+00,  0.0000000e+00,  1.0000000e+00] ]
            }
        },
        {
            "name": "kam0",
            "extrinsics": {
                "frame_0": "rig",
                "frame_1": "kam0",
                "T": [
                    [1.0, 0.0, 0.0, 0.0],
                    [0.0, 1.0, 0.0, 0.0],
                    [0.0, 0.0, 1.0, 0.0],
                    [0.0, 0.0, 0.0, 1.0] ]
            }
        },
        {
            "name": "kam1",
            "extrinsics": {
                "frame_0": "rig",
                "frame_1": "kam1",
                "T": [
                    [ 0.82090765, -0.00410253,  0.57104624,  0.07595822],
                    [-0.00700509,  0.99982661,  0.01725316,  0.0047412 ],
                    [-0.57101801, -0.01816349,  0.82073657, -0.01692301],
                    [ 0.0       ,  0.0       ,  0.0       ,  1.0       ] ]
            }
        },
        {
            "name": "kam2",
            "extrinsics": {
                "frame_0": "rig",
                "frame_1": "kam2",
                "T": [
                    [ 0.31842689, -0.00628648,  0.94792658,  0.09986276],
                    [-0.00756961,  0.99992927,  0.00917413,  0.00769183],
                    [-0.9479172 , -0.01009672,  0.31835678, -0.0807959 ],
                    [ 0.0       ,  0.0       ,  0.0       ,  1.0       ] ]
            }
        },
        {
            "name": "kam3",
            "extrinsics": {
                "frame_0": "rig",
                "frame_1": "kam3",
                "T": [
                    [-0.29618001, -0.00928051,  0.95508705,  0.09859747],
                    [ 0.00124751,  0.99994818,  0.01010329,  0.00798161],
                    [-0.95513133,  0.00418387, -0.29615308, -0.14490758],
                    [ 0.0       ,  0.0       ,  0.0       ,  1.0       ] ]
            }
        },
        {
            "name": "kam4",
            "extrinsics": {
                "frame_0": "rig",
                "frame_1": "kam4",
                "T": [
                    [-0.79138576,  0.00729851,  0.61127352,  0.06505585],
                    [ 0.00421678,  0.99997011, -0.00648022,  0.00973819],
                    [-0.61130254, -0.00255074, -0.79139288, -0.19555403],
                    [ 0.0       ,  0.0       ,  0.0       ,  1.0       ] ]
            }
        },
        {
            "name": "kam5",
            "extrinsics": {
                "frame_0": "rig",
                "frame_1": "kam5",
                "T": [
                    [-0.99976508,  0.00941054,  0.01952485,  0.00685586],
                    [ 0.00950337,  0.99994395,  0.00466729,  0.008797  ],
                    [-0.01947983,  0.00485174, -0.99979848, -0.22751003],
                    [ 0.0       ,  0.0       ,  0.0       ,  1.0       ] ]
            }
        }
    ]
}