{
    "cameras": [
        {
            "name": "cam0",
            "extrinsics": {
                "frame_1": "rig",
                "frame_0": "cam0",
                "T": [
                    [1.0, 0.0, 0.0, 0.0],
                    [0.0, 1.0, 0.0, 0.0],
                    [0.0, 0.0, 1.0, 0.0],
                    [0.0, 0.0, 0.0, 1.0] ]
            }
        },
        {
            "name": "cam1",
            "extrinsics": {
                "frame_1": "rig",
                "frame_0": "cam1",
                "T": [
                    [ 0.80901699,  0.0,         -0.58778525, -0.04288424],
                    [ 0.0       ,  1.0,          0.0       ,  0.0       ],
                    [ 0.58778525,  0.0,          0.80901699, -0.01368157],
                    [ 0.0       ,  0.0,          0.0       ,  1.0       ] ]
            }
        },
        {
            "name": "cam2",
            "extrinsics": {
                "frame_1": "rig",
                "frame_0": "cam2",
                "T": [
                    [ 0.30901699, -0.0,         -0.95105652, -0.06996074], 
                    [ 0.0       ,  1.0,          0.0       ,  0.0       ], 
                    [ 0.95105652,  0.0,          0.30901699, -0.05098755], 
                    [ 0.0       ,  0.0,          0.0       ,  1.0       ] ]
            }
        },
        {
            "name": "cam3",
            "extrinsics": {
                "frame_1": "rig",
                "frame_0": "cam3",
                "T": [
                    [-0.30901699, -0.0,         -0.95105652, -0.0700534 ],
                    [ 0.0       ,  1.0,          0.0       ,  0.0       ],
                    [ 0.95105652,  0.0,         -0.30901699, -0.09696121],
                    [ 0.0       ,  0.0,          0.0       ,  1.0       ] ]
            }
        },
        {
            "name": "cam4",
            "extrinsics": {
                "frame_1": "rig",
                "frame_0": "cam4",
                "T": [
                    [-0.80901699, -0.0,         -0.58778525, -0.04296327],
                    [ 0.0       ,  1.0,          0.0       ,  0.0       ],
                    [ 0.58778525, -0.0,         -0.80901699, -0.1333887 ],
                    [ 0.0       ,  0.0,          0.0       ,  1.0       ] ]
            }
        },
        {
            "name": "cam5",
            "extrinsics": {
                "frame_1": "rig",
                "frame_0": "cam5",
                "T": [
                    [-1.0000000e+00, -0.0000000e+00, -1.2246468e-16,  5.1920000e-04],
                    [ 0.0000000e+00,  1.0000000e+00,  0.0000000e+00,  0.0000000e+00],
                    [ 1.2246468e-16, -0.0000000e+00, -1.0000000e+00, -1.4707840e-01],
                    [ 0.0000000e+00,  0.0000000e+00,  0.0000000e+00,  1.0000000e+00] ]
            }
        }
    ]
}